2000
1500
2000
2000
1200
1500
1100
1500
1100
2000
2000
2000
1000
2000
1200
2000
1000
1500
1700
2000
2000
1500
2000
2000
2000
1200
1100
1000
1500
1500
2000
800
2000
2000
2000
2000
2000
2500
500
1200
1000
2000
2000
2000
2000
2000
2000
800
2000
2000
2000
2000
800
2000
2000
2000
2000
2000
2000
2000
2000
900
2000
2000
2000
2000
2000
1000
2000
1000
2000
2000
2000
2000
1400
2000
1200
2000
1200
2000
2000
2000
500
2000
1200
2000
2000
2000
2000
2000
2000
2000
1500
2000
2000
2000
2000
2000
2000
800
2000
2000
2000
2000
2000
2000
850
2000
2000
2000
2000
2000
2000
2000
2000
1000
1000
2000
1100
2000
2000
2000
2000
2000
2000
2000
2000
1500
2000
850
2000
2000
2000
2000
1500
2000
2000
2000
2000
2000
